0.000000000000000000e+00 -9.411523377131482349e+00
4.999999999999999584e-02 -8.706324150841982856e+00
9.999999999999999167e-02 -8.045384211841795974e+00
1.499999999999999944e-01 -7.425925785513014077e+00
1.999999999999999833e-01 -6.845345434248105043e+00
2.499999999999999722e-01 -6.301203115815943612e+00
2.999999999999999889e-01 -5.791211928440006318e+00
3.499999999999999778e-01 -5.313228499489803802e+00
3.999999999999999667e-01 -4.865243977391428665e+00
4.499999999999999556e-01 -4.445375588898362373e+00
4.999999999999999445e-01 -4.051858726239764508e+00
5.499999999999999334e-01 -3.683039530890358293e+00
5.999999999999999778e-01 -3.337367942793259878e+00
6.499999999999999112e-01 -3.013391185823306451e+00
6.999999999999999556e-01 -2.709747662111759325e+00
7.499999999999998890e-01 -2.425161229571738630e+00
7.999999999999999334e-01 -2.158435838574124244e+00
8.499999999999999778e-01 -1.908450505233167060e+00
8.999999999999999112e-01 -1.674154600175717711e+00
9.499999999999999556e-01 -1.454563432993843275e+00
9.999999999999998890e-01 -1.248754113823397294e+00
1.049999999999999822e+00 -1.055861674655657723e+00
1.099999999999999867e+00 -8.750754340808755138e-01
1.149999999999999911e+00 -7.056355901855895230e-01
1.199999999999999956e+00 -5.468300272844504040e-01
1.250000000000000000e+00 -3.979913230660190315e-01
1.299999999999999822e+00 -2.584939435742670266e-01
1.349999999999999867e+00 -1.277516142369470309e-01
1.399999999999999911e+00 -5.214855891900405105e-03
1.449999999999999956e+00 1.096313245442196438e-01
1.499999999999999778e+00 2.172695984703627570e-01
1.549999999999999822e+00 3.181523441550910825e-01
1.599999999999999867e+00 4.127035479757019676e-01
1.649999999999999911e+00 5.013205863329368572e-01
1.699999999999999956e+00 5.843758957302325197e-01
1.749999999999999778e+00 6.622185380364716822e-01
1.799999999999999822e+00 7.351756675106583261e-01
1.849999999999999867e+00 8.035539057540765917e-01
1.899999999999999911e+00 8.676406303685362253e-01
1.949999999999999734e+00 9.277051827366266101e-01
1.999999999999999778e+00 9.839999999999997637e-01
2.049999999999999822e+00 1.036761675993112641e+00
2.099999999999999645e+00 1.086211955591291911e+00
2.149999999999999911e+00 1.132558666652125900e+00
2.199999999999999734e+00 1.175996593466911433e+00
2.250000000000000000e+00 1.216708295393074790e+00
2.299999999999999822e+00 1.254864874108074346e+00
2.349999999999999645e+00 1.290626692709381906e+00
2.399999999999999911e+00 1.324144049682744573e+00
2.449999999999999734e+00 1.355557810571255795e+00
2.500000000000000000e+00 1.385000000000000009e+00
2.549999999999999822e+00 1.412594356544397911e+00
2.599999999999999645e+00 1.438456852774245620e+00
2.649999999999999911e+00 1.462696182659061872e+00
2.699999999999999734e+00 1.485414218383194651e+00
2.749999999999999556e+00 1.506706438490577948e+00
2.799999999999999822e+00 1.526662329158522624e+00
2.849999999999999645e+00 1.545365760287006784e+00
2.899999999999999911e+00 1.562895337984075539e+00
2.949999999999999734e+00 1.579324734928766905e+00
2.999999999999999556e+00 1.594722999999999891e+00
3.049999999999999822e+00 1.609154848472720278e+00
3.099999999999999645e+00 1.622680934000930719e+00
3.149999999999999911e+00 1.635358103530689444e+00
3.199999999999999734e+00 1.647239636214410829e+00
3.249999999999999556e+00 1.658375467330572395e+00
3.299999999999999822e+00 1.668812398149907672e+00
3.349999999999999645e+00 1.678594292630104512e+00
3.399999999999999911e+00 1.687762261765671568e+00
3.449999999999999734e+00 1.696354836367745200e+00
3.499999999999999556e+00 1.704408128999999938e+00
3.549999999999999822e+00 1.711955985751232756e+00
3.599999999999999645e+00 1.719030128482486708e+00
3.649999999999999911e+00 1.725660288146550592e+00
3.699999999999999734e+00 1.731874329740136886e+00
3.749999999999999556e+00 1.737698369413889221e+00
3.799999999999999822e+00 1.743156884232401671e+00
