# z_cell  flag_fraction_smooth
1.76984882e+00 2.62966498e-01
1.77199137e+00 2.63369491e-01
1.77413595e+00 2.63772755e-01
1.77628303e+00 2.64176377e-01
1.77843237e+00 2.64580312e-01
1.78058386e+00 2.64984539e-01
1.78273761e+00 2.65389079e-01
1.78489363e+00 2.65793932e-01
1.78705204e+00 2.66199122e-01
1.78921282e+00 2.66604645e-01
1.79137576e+00 2.67010460e-01
1.79354084e+00 2.67416564e-01
1.79570818e+00 2.67822979e-01
1.79787815e+00 2.68229775e-01
1.80005038e+00 2.68636881e-01
1.80222476e+00 2.69044276e-01
1.80440128e+00 2.69451960e-01
1.80658031e+00 2.69860000e-01
1.80876172e+00 2.70268372e-01
1.81094539e+00 2.70677054e-01
1.81313133e+00 2.71086047e-01
1.81531954e+00 2.71495350e-01
1.81751025e+00 2.71905007e-01
1.81970322e+00 2.72314973e-01
1.82189846e+00 2.72725249e-01
1.82409608e+00 2.73135855e-01
1.82629597e+00 2.73546771e-01
1.82849836e+00 2.73958040e-01
1.83070302e+00 2.74369617e-01
1.83291006e+00 2.74781524e-01
1.83511925e+00 2.75193718e-01
1.83733106e+00 2.75606285e-01
1.83954525e+00 2.76019181e-01
1.84176171e+00 2.76432385e-01
1.84398055e+00 2.76845918e-01
1.84620154e+00 2.77259735e-01
1.84842527e+00 2.77673948e-01
1.85065126e+00 2.78088465e-01
1.85287964e+00 2.78503312e-01
1.85511029e+00 2.78918466e-01
1.85734344e+00 2.79333969e-01
1.85957909e+00 2.79749820e-01
1.86181700e+00 2.80165976e-01
1.86405730e+00 2.80582460e-01
1.86629999e+00 2.80999272e-01
1.86854517e+00 2.81416429e-01
1.87079287e+00 2.81833939e-01
1.87304282e+00 2.82251749e-01
1.87529516e+00 2.82669886e-01
1.87754989e+00 2.83088349e-01
1.87980735e+00 2.83507203e-01
1.88206708e+00 2.83926360e-01
1.88432932e+00 2.84345865e-01
1.88659382e+00 2.84765671e-01
1.88886082e+00 2.85185823e-01
1.89113045e+00 2.85606345e-01
1.89340234e+00 2.86027168e-01
1.89567673e+00 2.86448336e-01
1.89795351e+00 2.86869829e-01
1.90023291e+00 2.87291688e-01
1.90251482e+00 2.87713893e-01
1.90479910e+00 2.88136418e-01
1.90708578e+00 2.88559269e-01
1.90937495e+00 2.88982461e-01
1.91166675e+00 2.89406021e-01
1.91396105e+00 2.89829924e-01
1.91625774e+00 2.90254149e-01
1.91855693e+00 2.90678717e-01
1.92085862e+00 2.91103628e-01
1.92316294e+00 2.91528904e-01
1.92546964e+00 2.91954501e-01
1.92777884e+00 2.92380438e-01
1.93009043e+00 2.92806698e-01
1.93240488e+00 2.93233364e-01
1.93472171e+00 2.93660350e-01
1.93704104e+00 2.94087676e-01
1.93936288e+00 2.94515344e-01
1.94168723e+00 2.94943355e-01
1.94401419e+00 2.95371725e-01
1.94634378e+00 2.95800460e-01
1.94867575e+00 2.96229511e-01
1.95101023e+00 2.96658904e-01
1.95334744e+00 2.97088678e-01
1.95568728e+00 2.97518815e-01
1.95802963e+00 2.97949292e-01
1.96037436e+00 2.98380086e-01
1.96272159e+00 2.98811217e-01
1.96507168e+00 2.99242752e-01
1.96742439e+00 2.99674647e-01
1.96977949e+00 3.00106859e-01
1.97213721e+00 3.00539430e-01
1.97449756e+00 3.00972362e-01
1.97686064e+00 3.01405673e-01
1.97922611e+00 3.01839300e-01
1.98159420e+00 3.02273285e-01
1.98396492e+00 3.02707630e-01
1.98633838e+00 3.03142354e-01
1.98871446e+00 3.03577436e-01
1.99109304e+00 3.04012852e-01
1.99347425e+00 3.04448628e-01
1.99585807e+00 3.04884758e-01
1.99824476e+00 3.05321291e-01
2.00063396e+00 3.05758160e-01
2.00302553e+00 3.06195339e-01
2.00541997e+00 3.06632919e-01
2.00781703e+00 3.07070855e-01
2.01021695e+00 3.07509189e-01
2.01261950e+00 3.07947881e-01
2.01502442e+00 3.08386882e-01
2.01743221e+00 3.08826282e-01
2.01984262e+00 3.09266037e-01
2.02225590e+00 3.09706192e-01
2.02467155e+00 3.10146655e-01
2.02708983e+00 3.10587473e-01
2.02951097e+00 3.11028688e-01
2.03193498e+00 3.11470302e-01
2.03436160e+00 3.11912266e-01
2.03679085e+00 3.12354585e-01
2.03922272e+00 3.12797257e-01
2.04165745e+00 3.13240324e-01
2.04409504e+00 3.13683787e-01
2.04653502e+00 3.14127559e-01
2.04897785e+00 3.14571725e-01
2.05142331e+00 3.15016243e-01
2.05387187e+00 3.15461200e-01
2.05632281e+00 3.15906464e-01
2.05877662e+00 3.16352123e-01
2.06123304e+00 3.16798131e-01
2.06369233e+00 3.17244534e-01
2.06615472e+00 3.17691374e-01
2.06861949e+00 3.18138520e-01
2.07108688e+00 3.18586015e-01
2.07355714e+00 3.19033905e-01
2.07603025e+00 3.19482185e-01
2.07850623e+00 3.19930859e-01
2.08098507e+00 3.20379924e-01
2.08346629e+00 3.20829294e-01
2.08595061e+00 3.21279099e-01
2.08843780e+00 3.21729297e-01
2.09092760e+00 3.22179840e-01
2.09342027e+00 3.22630776e-01
2.09591579e+00 3.23082100e-01
2.09841394e+00 3.23533773e-01
2.10091519e+00 3.23985878e-01
2.10341907e+00 3.24438332e-01
2.10592580e+00 3.24891173e-01
2.10843515e+00 3.25344360e-01
2.11094785e+00 3.25798025e-01
2.11346316e+00 3.26252032e-01
2.11598134e+00 3.26706430e-01
2.11850214e+00 3.27161173e-01
2.12102604e+00 3.27616347e-01
2.12355280e+00 3.28071908e-01
2.12608242e+00 3.28527857e-01
2.12861490e+00 3.28984193e-01
2.13115001e+00 3.29440875e-01
2.13368821e+00 3.29897984e-01
2.13622928e+00 3.30355482e-01
2.13877320e+00 3.30813364e-01
2.14131999e+00 3.31271634e-01
2.14386964e+00 3.31730290e-01
2.14642239e+00 3.32189374e-01
2.14897799e+00 3.32648841e-01
2.15153646e+00 3.33108696e-01
2.15409780e+00 3.33568937e-01
2.15666223e+00 3.34029603e-01
2.15922952e+00 3.34490655e-01
2.16179967e+00 3.34952090e-01
2.16437268e+00 3.35413909e-01
2.16694856e+00 3.35876113e-01
2.16952753e+00 3.36338742e-01
2.17210960e+00 3.36801797e-01
2.17469454e+00 3.37265236e-01
2.17728233e+00 3.37729057e-01
2.17987299e+00 3.38193262e-01
2.18246698e+00 3.38657933e-01
2.18506360e+00 3.39122945e-01
2.18766332e+00 3.39588381e-01
2.19026589e+00 3.40054197e-01
2.19287181e+00 3.40520482e-01
2.19548059e+00 3.40987148e-01
2.19809222e+00 3.41454194e-01
2.20070696e+00 3.41921664e-01
2.20332456e+00 3.42389515e-01
2.20594525e+00 3.42857787e-01
2.20856905e+00 3.43326483e-01
2.21119595e+00 3.43795602e-01
2.21382546e+00 3.44265056e-01
2.21645832e+00 3.44734976e-01
2.21909428e+00 3.45205318e-01
2.22173333e+00 3.45676080e-01
2.22437501e+00 3.46147180e-01
2.22702003e+00 3.46618743e-01
2.22966814e+00 3.47090725e-01
2.23231936e+00 3.47563130e-01
2.23497367e+00 3.48035953e-01
2.23763084e+00 3.48509154e-01
2.24029112e+00 3.48982776e-01
2.24295473e+00 3.49456859e-01
2.24562120e+00 3.49931319e-01
2.24829078e+00 3.50406200e-01
2.25096345e+00 3.50881498e-01
2.25363922e+00 3.51357215e-01
2.25631833e+00 3.51833392e-01
2.25900030e+00 3.52309946e-01
2.26168537e+00 3.52786917e-01
2.26437354e+00 3.53264307e-01
2.26706505e+00 3.53742156e-01
2.26975965e+00 3.54220422e-01
2.27245736e+00 3.54699106e-01
2.27515793e+00 3.55178164e-01
2.27786183e+00 3.55657680e-01
2.28056931e+00 3.56137698e-01
2.28327966e+00 3.56618091e-01
2.28599286e+00 3.57098855e-01
2.28870940e+00 3.57580078e-01
2.29142928e+00 3.58061759e-01
2.29415250e+00 3.58543898e-01
2.29687858e+00 3.59026410e-01
2.29960799e+00 3.59509377e-01
2.30234027e+00 3.59992718e-01
2.30507636e+00 3.60476599e-01
2.30781531e+00 3.60960852e-01
2.31055760e+00 3.61445562e-01
2.31330276e+00 3.61930645e-01
2.31605148e+00 3.62416222e-01
2.31880331e+00 3.62902215e-01
2.32155848e+00 3.63388663e-01
2.32431674e+00 3.63875522e-01
2.32707810e+00 3.64362794e-01
2.32984304e+00 3.64850564e-01
2.33261132e+00 3.65338788e-01
2.33538270e+00 3.65827424e-01
2.33815718e+00 3.66316472e-01
2.34093499e+00 3.66805972e-01
2.34371614e+00 3.67295926e-01
2.34650064e+00 3.67786335e-01
2.34928846e+00 3.68277194e-01
2.35207939e+00 3.68768466e-01
2.35487366e+00 3.69260190e-01
2.35767150e+00 3.69752408e-01
2.36047244e+00 3.70245035e-01
2.36327648e+00 3.70738073e-01
2.36608386e+00 3.71231563e-01
2.36889505e+00 3.71725587e-01
2.37170935e+00 3.72220023e-01
2.37452698e+00 3.72714908e-01
2.37734771e+00 3.73210202e-01
2.38017201e+00 3.73705987e-01
2.38299990e+00 3.74202267e-01
2.38583088e+00 3.74698954e-01
2.38866520e+00 3.75196090e-01
2.39150262e+00 3.75693635e-01
2.39434385e+00 3.76191713e-01
2.39718843e+00 3.76690241e-01
2.40003633e+00 3.77189216e-01
2.40288758e+00 3.77688642e-01
2.40574217e+00 3.78188516e-01
2.40860033e+00 3.78688880e-01
2.41146207e+00 3.79189735e-01
2.41432691e+00 3.79690996e-01
2.41719508e+00 3.80192703e-01
2.42006683e+00 3.80694901e-01
2.42294216e+00 3.81197588e-01
2.42582083e+00 3.81700723e-01
2.42870283e+00 3.82204304e-01
2.43158817e+00 3.82708332e-01
2.43447733e+00 3.83212891e-01
2.43736982e+00 3.83717895e-01
2.44026589e+00 3.84223388e-01
2.44316506e+00 3.84729285e-01
2.44606805e+00 3.85235713e-01
2.44897461e+00 3.85742627e-01
2.45188451e+00 3.86249986e-01
2.45479774e+00 3.86757790e-01
2.45771432e+00 3.87266041e-01
2.46063495e+00 3.87774861e-01
2.46355891e+00 3.88284124e-01
2.46648645e+00 3.88793874e-01
2.46941710e+00 3.89304029e-01
2.47235155e+00 3.89814709e-01
2.47528982e+00 3.90325917e-01
2.47823143e+00 3.90837569e-01
2.48117638e+00 3.91349665e-01
2.48412514e+00 3.91862287e-01
2.48707724e+00 3.92375352e-01
2.49003315e+00 3.92888943e-01
2.49299264e+00 3.93403019e-01
2.49595571e+00 3.93917579e-01
2.49892187e+00 3.94432540e-01
2.50189233e+00 3.94948110e-01
2.50486612e+00 3.95464121e-01
2.50784349e+00 3.95980616e-01
2.51082444e+00 3.96497595e-01
2.51380897e+00 3.97015058e-01
2.51679730e+00 3.97533042e-01
2.51978922e+00 3.98051512e-01
2.52278471e+00 3.98570463e-01
2.52578378e+00 3.99089898e-01
2.52878642e+00 3.99609814e-01
2.53179312e+00 4.00130295e-01
2.53480315e+00 4.00651216e-01
2.53781700e+00 4.01172661e-01
2.54083419e+00 4.01694547e-01
2.54385543e+00 4.02216996e-01
2.54688048e+00 4.02739967e-01
2.54990888e+00 4.03263380e-01
2.55294108e+00 4.03787312e-01
2.55597687e+00 4.04311728e-01
2.55901670e+00 4.04836704e-01
2.56206012e+00 4.05362163e-01
2.56510711e+00 4.05888102e-01
2.56815767e+00 4.06414519e-01
2.57121253e+00 4.06941542e-01
2.57427096e+00 4.07469043e-01
2.57733297e+00 4.07997025e-01
2.58039856e+00 4.08525487e-01
2.58346796e+00 4.09054468e-01
2.58654165e+00 4.09584052e-01
2.58961892e+00 4.10114116e-01
2.59269977e+00 4.10644659e-01
2.59578419e+00 4.11175680e-01
2.59887266e+00 4.11707261e-01
2.60196519e+00 4.12239404e-01
2.60506129e+00 4.12772025e-01
2.60816121e+00 4.13305165e-01
2.61126471e+00 4.13838785e-01
2.61437249e+00 4.14373003e-01
2.61748409e+00 4.14907741e-01
2.62059927e+00 4.15442958e-01
2.62371826e+00 4.15978692e-01
2.62684107e+00 4.16514946e-01
2.62996817e+00 4.17051799e-01
2.63309908e+00 4.17589170e-01
2.63623357e+00 4.18127019e-01
2.63937187e+00 4.18665384e-01
2.64251423e+00 4.19204310e-01
2.64566064e+00 4.19743793e-01
2.64881086e+00 4.20283793e-01
2.65196490e+00 4.20824312e-01
2.65512252e+00 4.21365307e-01
2.65828466e+00 4.21906941e-01
2.66145062e+00 4.22449092e-01
2.66462040e+00 4.22991761e-01
2.66779399e+00 4.23534946e-01
2.67097139e+00 4.24078647e-01
2.67415333e+00 4.24622989e-01
2.67733884e+00 4.25167805e-01
2.68052840e+00 4.25713177e-01
2.68372178e+00 4.26259067e-01
2.68691921e+00 4.26805513e-01
2.69012094e+00 4.27352558e-01
2.69332647e+00 4.27900116e-01
2.69653583e+00 4.28448193e-01
2.69974923e+00 4.28996823e-01
2.70296693e+00 4.29546052e-01
2.70618868e+00 4.30095837e-01
2.70941424e+00 4.30646136e-01
2.71264362e+00 4.31196952e-01
2.71587729e+00 4.31748364e-01
2.71911526e+00 4.32300373e-01
2.72235727e+00 4.32852936e-01
2.72560310e+00 4.33406015e-01
2.72885275e+00 4.33959609e-01
2.73210692e+00 4.34513838e-01
2.73536539e+00 4.35068665e-01
2.73862743e+00 4.35623964e-01
2.74189377e+00 4.36179861e-01
2.74516392e+00 4.36736271e-01
2.74843884e+00 4.37293358e-01
2.75171757e+00 4.37850958e-01
2.75500011e+00 4.38409072e-01
2.75828695e+00 4.38967783e-01
2.76157808e+00 4.39527088e-01
2.76487350e+00 4.40086988e-01
2.76817298e+00 4.40647444e-01
2.77147651e+00 4.41208453e-01
2.77478409e+00 4.41770016e-01
2.77809620e+00 4.42332215e-01
2.78141260e+00 4.42895008e-01
2.78473282e+00 4.43458315e-01
2.78805733e+00 4.44022216e-01
2.79138613e+00 4.44586712e-01
2.79471922e+00 4.45151802e-01
2.79805660e+00 4.45717486e-01
2.80139780e+00 4.46283684e-01
2.80474329e+00 4.46850476e-01
2.80809331e+00 4.47417902e-01
2.81144786e+00 4.47985963e-01
2.81480622e+00 4.48554536e-01
2.81816888e+00 4.49123705e-01
2.82153559e+00 4.49693427e-01
2.82490730e+00 4.50263863e-01
2.82828283e+00 4.50834812e-01
2.83166289e+00 4.51406396e-01
2.83504677e+00 4.51978493e-01
2.83843541e+00 4.52551264e-01
2.84182858e+00 4.53124668e-01
2.84522581e+00 4.53698627e-01
2.84862733e+00 4.54273179e-01
2.85203290e+00 4.54848285e-01
2.85544348e+00 4.55424104e-01
2.85885811e+00 4.56000477e-01
2.86227703e+00 4.56577443e-01
2.86570024e+00 4.57155002e-01
2.86912799e+00 4.57733197e-01
2.87256026e+00 4.58312023e-01
2.87599683e+00 4.58891444e-01
2.87943792e+00 4.59471498e-01
2.88288307e+00 4.60052105e-01
2.88633299e+00 4.60633387e-01
2.88978744e+00 4.61215303e-01
2.89324617e+00 4.61797809e-01
2.89670920e+00 4.62380911e-01
2.90017676e+00 4.62964646e-01
2.90364885e+00 4.63549015e-01
2.90712547e+00 4.64134018e-01
2.91060662e+00 4.64719654e-01
2.91409183e+00 4.65305844e-01
2.91758180e+00 4.65892707e-01
2.92107654e+00 4.66480244e-01
2.92457581e+00 4.67068415e-01
2.92807913e+00 4.67657138e-01
2.93158698e+00 4.68246496e-01
2.93509984e+00 4.68836567e-01
2.93861723e+00 4.69427273e-01
2.94213915e+00 4.70018612e-01
2.94566536e+00 4.70610545e-01
2.94919586e+00 4.71203071e-01
2.95273161e+00 4.71796352e-01
2.95627165e+00 4.72390226e-01
2.95981622e+00 4.72984735e-01
2.96336532e+00 4.73579878e-01
2.96691918e+00 4.74175693e-01
2.97047782e+00 4.74772184e-01
2.97404099e+00 4.75369310e-01
2.97760868e+00 4.75967068e-01
2.98118091e+00 4.76565462e-01
2.98475838e+00 4.77164610e-01
2.98834014e+00 4.77764352e-01
2.99192643e+00 4.78364728e-01
2.99551725e+00 4.78965739e-01
2.99911284e+00 4.79567425e-01
3.00271368e+00 4.80169866e-01
3.00631881e+00 4.80772901e-01
3.00992870e+00 4.81376610e-01
3.01354289e+00 4.81980916e-01
3.01716256e+00 4.82586016e-01
3.02078676e+00 4.83191751e-01
3.02441549e+00 4.83798121e-01
3.02804899e+00 4.84405167e-01
3.03168702e+00 4.85012848e-01
3.03533030e+00 4.85621285e-01
3.03897834e+00 4.86230396e-01
3.04263091e+00 4.86840144e-01
3.04628825e+00 4.87450567e-01
3.04995060e+00 4.88061707e-01
3.05361795e+00 4.88673561e-01
3.05728984e+00 4.89286053e-01
3.06096673e+00 4.89899261e-01
3.06464791e+00 4.90513065e-01
3.06833458e+00 4.91127665e-01
3.07202601e+00 4.91742942e-01
3.07572222e+00 4.92358896e-01
3.07942295e+00 4.92975487e-01
3.08312869e+00 4.93592795e-01
3.08683991e+00 4.94210899e-01
3.09055591e+00 4.94829682e-01
3.09427643e+00 4.95449101e-01
3.09800196e+00 4.96069238e-01
3.10173249e+00 4.96690092e-01
3.10546803e+00 4.97311664e-01
3.10920835e+00 4.97933917e-01
3.11295366e+00 4.98556884e-01
3.11670375e+00 4.99180533e-01
3.12045932e+00 4.99804978e-01
3.12421966e+00 5.00430103e-01
3.12798500e+00 5.01055945e-01
3.13175511e+00 5.01682468e-01
3.13553047e+00 5.02309749e-01
3.13931084e+00 5.02937751e-01
3.14309621e+00 5.03566471e-01
3.14688659e+00 5.04195912e-01
3.15068173e+00 5.04826032e-01
3.15448236e+00 5.05456952e-01
3.15828824e+00 5.06088633e-01
3.16209912e+00 5.06721034e-01
3.16591454e+00 5.07354078e-01
3.16973519e+00 5.07987880e-01
3.17356133e+00 5.08622484e-01
3.17739248e+00 5.09257810e-01
3.18122864e+00 5.09893859e-01
3.18506980e+00 5.10530629e-01
3.18891621e+00 5.11168161e-01
3.19276810e+00 5.11806494e-01
3.19662499e+00 5.12445550e-01
3.20048690e+00 5.13085330e-01
3.20435357e+00 5.13725793e-01
3.20822620e+00 5.14367138e-01
3.21210384e+00 5.15009207e-01
3.21598649e+00 5.15652002e-01
3.21987438e+00 5.16295559e-01
3.22376752e+00 5.16939881e-01
3.22766614e+00 5.17585007e-01
3.23157001e+00 5.18230899e-01
3.23547864e+00 5.18877476e-01
3.23939252e+00 5.19524819e-01
3.24331212e+00 5.20173006e-01
3.24723721e+00 5.20822000e-01
3.25116730e+00 5.21471720e-01
3.25510263e+00 5.22122206e-01
3.25904298e+00 5.22773422e-01
3.26298928e+00 5.23425522e-01
3.26694059e+00 5.24078351e-01
3.27089739e+00 5.24731988e-01
3.27485919e+00 5.25386354e-01
3.27882648e+00 5.26041529e-01
3.28279972e+00 5.26697589e-01
3.28677797e+00 5.27354380e-01
3.29076147e+00 5.28011942e-01
3.29475021e+00 5.28670273e-01
3.29874468e+00 5.29329455e-01
3.30274463e+00 5.29989447e-01
3.30674982e+00 5.30650210e-01
3.31076050e+00 5.31311785e-01
3.31477642e+00 5.31974131e-01
3.31879854e+00 5.32637408e-01
3.32282567e+00 5.33301419e-01
3.32685804e+00 5.33966202e-01
3.33089590e+00 5.34631800e-01
3.33493948e+00 5.35298251e-01
3.33898902e+00 5.35965594e-01
3.34304357e+00 5.36633673e-01
3.34710383e+00 5.37302605e-01
3.35116935e+00 5.37972316e-01
3.35524082e+00 5.38642919e-01
3.35931778e+00 5.39314340e-01
3.36340022e+00 5.39986577e-01
3.36748791e+00 5.40659592e-01
3.37158155e+00 5.41333503e-01
3.37568116e+00 5.42008311e-01
3.37978625e+00 5.42683938e-01
3.38389659e+00 5.43360345e-01
3.38801241e+00 5.44037572e-01
3.39213419e+00 5.44715697e-01
3.39626193e+00 5.45394721e-01
3.40039515e+00 5.46074566e-01
3.40453386e+00 5.46755234e-01
3.40867805e+00 5.47436723e-01
3.41282868e+00 5.48119193e-01
3.41698480e+00 5.48802486e-01
3.42114639e+00 5.49486602e-01
3.42531347e+00 5.50171543e-01
3.42948675e+00 5.50857427e-01
3.43366599e+00 5.51544215e-01
3.43785071e+00 5.52231828e-01
3.44204116e+00 5.52920308e-01
3.44623709e+00 5.53609616e-01
3.45043945e+00 5.54299906e-01
3.45464754e+00 5.54991066e-01
3.45886135e+00 5.55683093e-01
3.46308064e+00 5.56375950e-01
3.46730590e+00 5.57069717e-01
3.47153735e+00 5.57764431e-01
3.47577477e+00 5.58460056e-01
3.48001766e+00 5.59156511e-01
3.48426652e+00 5.59853879e-01
3.48852134e+00 5.60552159e-01
3.49278235e+00 5.61251389e-01
3.49704909e+00 5.61951494e-01
3.50132155e+00 5.62652473e-01
3.50559974e+00 5.63354330e-01
3.50988460e+00 5.64057217e-01
3.51417542e+00 5.64761021e-01
3.51847172e+00 5.65465662e-01
3.52277398e+00 5.66171220e-01
3.52708244e+00 5.66877735e-01
3.53139710e+00 5.67585209e-01
3.53571796e+00 5.68293641e-01
3.54004455e+00 5.69002955e-01
3.54437661e+00 5.69713109e-01
3.54871559e+00 5.70424343e-01
3.55306053e+00 5.71136499e-01
3.55741143e+00 5.71849578e-01
3.56176829e+00 5.72563580e-01
3.56613111e+00 5.73278507e-01
3.57050061e+00 5.73994478e-01
3.57487607e+00 5.74711374e-01
3.57925749e+00 5.75429198e-01
3.58364487e+00 5.76147949e-01
3.58803868e+00 5.76867706e-01
3.59243894e+00 5.77588472e-01
3.59684515e+00 5.78310167e-01
3.60125732e+00 5.79032793e-01
3.60567570e+00 5.79756392e-01
3.61010075e+00 5.80481040e-01
3.61453223e+00 5.81206699e-01
3.61896944e+00 5.81933254e-01
3.62341285e+00 5.82660784e-01
3.62786245e+00 5.83389288e-01
3.63231897e+00 5.84118887e-01
3.63678169e+00 5.84849462e-01
3.64125037e+00 5.85580977e-01
3.64572501e+00 5.86313431e-01
3.65020657e+00 5.87046984e-01
3.65469456e+00 5.87781555e-01
3.65918875e+00 5.88517108e-01
3.66368937e+00 5.89253682e-01
3.66819596e+00 5.89991202e-01
3.67270947e+00 5.90729825e-01
3.67722917e+00 5.91469432e-01
3.68175530e+00 5.92210064e-01
3.68628788e+00 5.92951725e-01
3.69082689e+00 5.93694412e-01
3.69537258e+00 5.94438167e-01
3.69992447e+00 5.95182914e-01
3.70448279e+00 5.95928690e-01
3.70904756e+00 5.96675500e-01
3.71361923e+00 5.97423418e-01
3.71819758e+00 5.98172410e-01
3.72278190e+00 5.98922361e-01
3.72737288e+00 5.99673385e-01
3.73197031e+00 6.00425448e-01
3.73657489e+00 6.01178665e-01
3.74118590e+00 6.01932921e-01
3.74580312e+00 6.02688181e-01
3.75042677e+00 6.03444481e-01
3.75505757e+00 6.04201940e-01
3.75969505e+00 6.04960483e-01
3.76433921e+00 6.05720111e-01
3.76898956e+00 6.06480745e-01
3.77364659e+00 6.07242466e-01
3.77831078e+00 6.08005354e-01
3.78298163e+00 6.08769328e-01
3.78765917e+00 6.09534395e-01
